V 54
K 1
D 0 -508000 2794000 0
Y 1
U 2413000 762000 254000 0 2 3 REFDES=IC?
U 2413000 508000 254000 0 2 3 DEVICE=REF3440TIDBVR
U 2413000 254000 254000 0 2 0 PKG_TYPE=SOT95P280X145-6N
U 2413000 0 254000 0 2 0 Description=Voltage References 4.1-V, low-drift, low-power, small-footprint series voltage reference
U 2413000 -254000 254000 0 2 0 Datasheet Link=https://www.ti.com/lit/ds/symlink/ref3425.pdf?ts=1626722188647
U 2413000 -508000 254000 0 2 0 Height=1.45
U 2413000 -762000 254000 0 2 0 Mouser Part Number=595-REF3440TIDBVR
U 2413000 -1016000 254000 0 2 0 Mouser Price/Stock=https://www.mouser.co.uk/ProductDetail/Texas-Instruments/REF3440TIDBVR?qs=aP1CjGhiNiFrJEFwygVNiw%3D%3D
U 2413000 -1270000 254000 0 2 0 Manufacturer_Name=Texas Instruments
U 2413000 -1524000 254000 0 2 0 Manufacturer_Part_Number=REF3440TIDBVR
U 0 0 254000 0 1 0 FORWARD_PCB=1
l 5 508000 254000 2286000 254000 2286000 -762000 508000 -762000 508000 254000
|GRPHSTL -1 -1 -1 1
P 1 0 0 508000 0 0 2 0
L 584200 0 228600 0 2 0 1 0 NC_1
A 355600 50800 203200 0 9 3 #=1
A 0 0 9 0 3 0 PINTYPE=BI
P 2 0 -254000 508000 -254000 0 2 0
L 584200 -254000 228600 0 2 0 1 0 GND
A 355600 -203200 203200 0 9 3 #=2
A 0 0 9 0 3 0 PINTYPE=BI
P 3 0 -508000 508000 -508000 0 2 0
L 584200 -508000 228600 0 2 0 1 0 NC_2
A 355600 -457200 203200 0 9 3 #=3
A 0 0 9 0 3 0 PINTYPE=BI
P 4 2794000 0 2286000 0 0 3 0
L 2209800 0 228600 0 8 0 1 0 VOUT
A 2438400 50800 203200 0 3 3 #=6
A 0 0 9 0 3 0 PINTYPE=BI
P 5 2794000 -254000 2286000 -254000 0 3 0
L 2209800 -254000 228600 0 8 0 1 0 NC_3
A 2438400 -203200 203200 0 3 3 #=5
A 0 0 9 0 3 0 PINTYPE=BI
P 6 2794000 -508000 2286000 -508000 0 3 0
L 2209800 -508000 228600 0 8 0 1 0 IN
A 2438400 -457200 203200 0 3 3 #=4
A 0 0 9 0 3 0 PINTYPE=BI
E
